frame,R1,R2,R3
1,31.7229985846561,31.7229985846561,31.7229985846561
2,32.7807292436271,32.9709513074836,32.9566154168242
3,33.1085701147792,32.9093968532312,33.4641275308841
4,33.0946699837991,33.1466793514995,33.1366778124022
5,33.5874953105309,33.0822288296442,33.2639959293655
6,33.4541683828003,33.2392298982491,33.5442939691786
7,33.7290261390478,33.3691268005533,33.6611397086186
8,33.8579116851826,33.1685248610202,33.6011461726339
9,33.7237827655151,33.3108904145279,33.8058938780461
10,33.9812520453297,33.5883050003323,33.6783974501952
11,34.1759731801736,33.7462100921825,33.5183326690231
12,34.0158135659961,33.1702726360475,33.3557263968535
13,33.7516657766026,33.8791882970832,33.3635074796096
14,33.9297943641101,33.628409494567,33.258295364315
15,33.9640513255722,33.6234262461401,33.0502773021067
16,34.0743319184289,33.8768032618812,33.1815977475475
17,34.126412427235,33.6678682913564,32.9935631270963
18,33.9010415489373,33.8151939808421,33.2458463421472
19,33.7802810132165,33.9090965965802,33.1679342177223
20,33.5882079444308,33.8987730274597,33.0987015546815
21,33.8867242008767,34.2931506342282,33.1859682385289
22,33.665501566917,34.0592512244382,33.3586712926447
23,33.6741697400924,34.1886607706967,33.3145020109076
24,33.6055075807901,34.078551238013,33.7294292460227
25,33.5256804692984,34.3447768213556,34.0512488399453
26,33.3197273058905,34.142532413424,33.7940216685961
27,33.3364881136574,34.2759010681236,33.8362493011582
28,33.6500756495132,34.1957549969998,33.7145412475956
29,33.9848125793242,34.2835343680958,33.8270760262975
30,33.3497165991371,34.3579447796038,34.0453052568601
31,33.1114614239155,34.1400966392007,34.1041326761696
32,33.8273691963356,33.8668314112927,34.1265732086149
33,33.7579535864795,34.2269916927,34.4061028801956
34,34.1097693986966,34.0497326349426,33.9561394180079
35,33.8037939110311,34.2334959250588,34.4466824498436
36,33.6717756811687,34.2944757657829,33.8951087686074
37,34.2929889033302,34.2675341010528,33.9485758968727
38,34.1118935389975,34.4939012761355,33.8558049694204
39,33.8972415875011,34.8561370742773,34.080689129152
40,34.0889535702333,34.4537701067089,33.8820059646118
41,34.2116531064339,34.6990721902431,33.5208781139677
42,34.0985640656474,35.2015352534028,34.0988094129973
43,34.0209184358315,35.0990631834882,34.0850077309487
44,34.1493719388005,35.5030030485119,34.1182227326457
45,33.9565448596054,35.0883705635115,33.9407694687729
46,33.9663705513567,35.033113814981,34.2523535725767
47,34.6631468483556,34.5674218337255,34.5108463472009
48,34.576073853661,35.5478070899075,34.1216605893486
49,34.7450250271136,35.8575243190951,33.8437941258544
50,34.4833906786525,35.660159568409,33.9481640811919
51,33.9019487369146,34.9986719953746,33.6474516075955
52,34.0030124551714,34.8019868131937,33.7496470501882
53,34.1584617367837,35.1780541470765,34.185010704291
54,34.0620623026609,34.9900626893658,33.6378686656666
55,33.6128270864307,34.9972296014773,33.9089089392519
56,34.4903926895965,34.8558838336431,33.6702074277567
57,34.4239314274505,35.0404338314323,33.8579791283552
58,34.0022835437247,35.2747841623416,33.784364900538
59,33.9718375517598,35.1999977365933,33.6019595429382
60,33.9153065829504,35.9169836301329,33.724003487094
61,34.17788140931,36.2733933021276,33.849817731153
62,34.3449611868891,36.7153231612233,33.5959018103059
63,33.8578729111288,36.0659076582202,33.5800333689109
64,33.9505584254875,35.9475549115985,33.8645631477033
65,33.7575514940248,35.9637940471803,33.7720826195808
66,33.9609513570121,35.9221578572627,34.0125912184334
67,33.813300007352,36.0561117920817,34.1791710477722
68,33.7718838397663,36.1864519736862,34.2092094825001
69,33.7652988943786,35.9677242629028,34.2253565974163
70,34.0246054242883,36.54086996316,34.3480753637602
71,33.8895668039407,35.6127403503661,34.0886467793468
72,34.1709029839844,35.8447772197432,33.8320416757853
73,34.0051526862713,36.2028513977222,34.1452823165533
74,34.0111073042878,36.792559778627,33.8461982610667
75,33.8471913202611,36.490452797606,34.2955374137881
76,34.0876128779362,35.8516101113969,34.3091187704073
77,34.1997491917553,36.2621259917888,34.1374478412795
78,33.902097117765,36.4498455250037,34.0173689631319
79,34.0783861221572,37.3012081809302,33.7902179516891
80,34.0139397095717,37.8784659159841,34.2585985063592
81,33.9974982615439,37.7892016430276,34.3520682790903
82,34.2392737849077,36.7887370319658,33.8917891097121
83,33.8041945239068,36.0839446774648,33.9930106619808
84,33.8106418230674,35.563624785389,34.2979944172874
85,34.0720115684114,35.7135586220687,34.2512412588532
86,33.3982509428059,35.4347397340777,34.0706119492978
87,33.714806377069,34.986482083282,34.2330667239698
88,33.9702239405986,35.0998612253376,34.1474325925396
89,34.1691458979918,35.321789369859,34.2688720918886
90,33.9941863966628,35.2797765715162,34.0381914554706
91,34.0600128324711,35.1510339369934,33.9801069399765
92,34.2358761963167,35.051231034359,33.859168963753
93,33.6192158335506,35.3916050440032,34.1642195842452
94,33.7356612044333,35.2196973004333,34.0411175206583
95,33.8591594907339,35.3691092424597,34.2642582378264
96,33.8552376254345,35.689051176747,33.9611769205517
97,33.7158398407889,35.7240427329536,34.0830967729512
98,33.6543470280386,35.4548959725016,33.9070584298124
99,33.5763147125449,35.3640063049825,34.2443901528369
100,33.902550914128,35.4536503142692,34.7486892850136
101,33.5510598578827,35.9306306861877,34.4835494862416
102,33.7363560087456,36.231866761289,34.1337691709981
103,33.8576397408083,35.9429161016187,34.0894946857688
104,33.6382648913177,35.3912137975595,34.5195790560351
105,33.6618729736079,34.9906323029661,34.2269635724484
106,33.9659596185739,35.7338717249187,34.462066802745
107,33.9754679841492,35.8086697639875,33.6143553498103
108,33.7796766213161,36.4037071075661,34.3315657842646
109,33.7984438001415,36.0419635307334,33.8425530323828
110,33.8857391763166,36.3012640393938,33.9363650718187
111,34.0323300196096,36.0385407847213,33.6961178086751
112,34.2350096876128,35.7211581938984,33.815948646661
113,34.1901681239573,36.1135274307866,33.6593746174902
114,33.900424623335,36.3292476123153,33.9660807953768
115,34.0243514625984,35.8503374216702,33.6173560599005
116,34.1417580522298,35.9648939410359,33.8903646012309
117,34.221428981525,35.8687467520779,33.9399901656202
118,33.915685540754,35.6625299807295,33.9070180090016
119,34.3241728222912,36.0921441879188,33.9932101157762
120,33.9728966020528,36.5539830923148,33.9637722343381
121,34.4252883575824,36.2076635158742,33.7369584053958
122,34.2294284967026,36.0686443444152,34.0357159861531
123,34.1350076390061,36.8892224735186,33.7391357676939
124,34.1933333350842,35.4617429867225,33.3065048862356
125,34.0243096231558,35.6807957997397,33.8963081270074
126,34.2007924046697,35.5564722893455,33.6372016600175
127,34.1911732676755,35.9807151721852,33.5517555443997
128,34.2411483464354,36.06969788477,33.7047994154015
129,34.7957621746176,35.4641416475366,33.6134030562055
130,34.4176409662826,36.0081566924813,33.4853775206208
131,34.2594649721213,36.1245773241832,33.6678589366337
132,34.0170739557874,36.0686894834037,33.4544000524899
133,34.1098034887687,36.2898619441395,33.4457765570163
134,34.0986054106348,35.747003361332,33.6041414000369
135,34.354914288536,36.0926323933684,33.7448679894203
136,34.1172190817629,36.0747941487664,33.7205091861353
137,34.0712329493782,35.9321609560167,33.4432471726416
138,34.1325733597963,35.9984753432618,33.8601561281832
139,34.3608261997942,36.0525775542791,33.7459343039913
140,34.2036330865079,35.7775374754408,33.5526360730173
141,34.2247575440116,35.8822304911729,33.5492286713471
142,34.3685918868961,36.130199242761,34.1324248631479
143,34.7876823445455,36.3367984988022,33.5675497152466
144,34.5174486756055,36.9701553585709,33.7420505505929
145,34.4245732825759,36.8390160569307,33.9353917684563
146,34.4995593966394,37.6545637043049,34.0636073690202
147,34.7890214224127,37.0303035211435,33.571706754831
148,34.1843776523315,37.3007121337216,33.6666658539845
149,34.0690995983165,37.260787271052,33.7067360070269
150,34.3256720652798,36.6519823586921,33.5937622555047
151,34.6383801942164,37.875885873794,33.8280776297041
152,34.5061661630534,37.3340173780069,33.5232500085684
153,34.3900912245021,37.848899891274,33.5308467742369
154,34.6015967551482,37.255347504298,33.4633400711791
155,34.3144345906015,38.5903172127195,33.4580174083485
156,33.9059040799755,38.7662584947896,33.7075168311984
157,34.2886516413586,37.9551988521626,33.404457979182
158,34.5288889746796,37.5896923942642,33.4991350970951
159,34.4509568885693,37.3030606013463,33.4933624981556
160,34.1831124562613,37.5544244907747,33.8348083311769
161,34.3939076425879,38.1013852255903,33.3950123877998
162,34.6777041482226,38.551322448208,33.6371403741906
163,34.3112301127371,38.1981436327574,33.6332309282855
164,34.1244669188909,37.8755095470576,33.5812802015412
165,34.4235197997402,37.2091419982185,33.6930620612956
166,34.4435075005654,37.1924058369125,33.8125681937306
167,34.2867023800482,37.6636558177172,33.7591693081513
168,34.5173671443521,37.9596604144803,33.6775448837461
169,34.3751816383697,37.8712889041419,33.7062274806811
170,33.8653919301758,37.0758394306189,33.7946875449639
171,34.1319353107719,36.8792320776961,34.0386317195964
172,34.1455294167504,36.1889055628047,33.6136631174534
173,33.954609210546,36.2567940794979,33.6346439986728
174,34.1452971131255,36.7778187013506,33.5574445015184
175,34.3614000896118,36.7951985576793,33.6779278262675
176,34.1756709796863,37.8954576175725,33.6125626534379
177,34.055163739031,37.3780758580224,33.484735958492
178,34.3319845962309,37.2640376203327,33.6475564841421
179,34.1450104977236,37.2643890182237,33.7149598015634
180,34.2400618659557,37.2949585808588,33.7635845056513
181,34.2062941127427,37.2114119358325,33.3404364089411
182,34.5463609526495,36.6435109580492,33.1579229326492
183,34.3759312104266,37.7543378419881,33.5208568212096
184,34.7743753007345,36.6218919935424,33.5901714703574
185,34.499781123448,36.2528927153043,33.4951004932778
186,34.4094711379065,36.6952266389605,33.5815242788933
187,34.7829833438545,37.4913112522157,33.578687345218
188,34.6861243834683,37.2081472383286,33.4848770540155
189,34.4013920253937,37.0693551471195,33.7420641394214
190,34.3332703896066,37.5949915495559,33.5596983404388
191,34.575912309711,37.9595683375859,33.6524208219297
192,34.6666414146215,37.5382235977318,33.4920492202935
193,34.481501378319,38.0156121636871,33.5968961255452
194,34.8137547878394,38.5215740722803,33.4353564315904
195,34.4341583095947,37.7577501301514,33.6723210547466
196,34.2322505608255,37.2130445005549,33.727748245749
197,34.1998630564883,38.4374607602462,33.6662325323521
198,34.293684951574,37.7271671488092,33.4363489603389
199,34.281659022715,37.4560708757583,33.5265023897765
200,34.2694725293681,36.965119786853,33.6126438777806
201,34.4581475657961,37.1597689446534,33.619255976318
202,34.3992072173692,37.8575715914435,33.6796029705584
203,34.3814358810554,37.8517673585149,33.6681676000495
204,34.6242494473957,38.3764176897862,33.7783666908405
205,34.3525483571136,38.5033531941952,33.3732920184044
206,34.2135284083059,37.5960288554921,33.3536587237222
207,34.1715529208229,37.3672556017539,33.320037645572
208,34.1449778355319,37.5889034286477,33.3431955664161
209,34.2243104881369,37.6329940390645,33.504086821133
210,34.5892047577099,38.8236748833473,33.4835348146558
211,34.5952785939644,38.438788419525,33.4704935175761
212,34.6286558107377,38.3516240761289,33.3843451598059
213,35.1402864426905,37.9843658937284,33.4064852938372
214,34.913603663632,38.3491169337662,33.3611020679445
215,35.0363963471146,38.3133407105511,33.4671849796716
216,34.8894568950569,37.9546283952904,34.0965530989693
217,34.9926182711706,38.9431503903586,34.124058010824
218,34.5250204435696,39.5543300906089,34.1560637344688
219,34.408521124417,39.4245787631168,33.6768077229281
220,34.2135103056119,40.3983852554779,33.6401820460989
221,34.2330427030859,39.8975810814066,33.3305420408038
222,34.340387969867,40.5404112994831,33.6205367251666
223,34.2916795006495,40.8939918872129,33.5920508615387
224,34.436673108846,39.8068029061917,33.8194404088484
225,34.1729019777402,38.9497416419115,33.8018601101733
226,34.4925628023598,39.6307878924764,33.5550362862708
227,34.2966528244832,39.8069682898369,33.7938953309263
228,34.5128832329147,38.1799432374916,33.4642049362439
229,33.9156458041947,37.8644739994857,33.4947964775819
230,34.3649510838326,38.3856167478348,33.6505647695078
231,34.2802319369441,38.8364709271101,33.3764179095934
232,34.4777298391801,38.2468533251318,33.6842757553106
233,34.1445461249489,38.2691360641301,33.6478986045828
234,34.2773932091966,38.7610264116872,33.7997045565604
235,33.9941701999776,39.4410775008679,33.3181118619523
236,34.4282690580443,39.2796149137842,33.6691280368831
237,34.1821032471762,39.3368151175492,33.6919187666087
238,34.4180927772783,39.4518178249374,33.9729455147128
239,34.2991093989634,39.9730711470865,33.6912509620387
240,34.2269054823132,39.8962827984542,33.5722844953468
241,34.4810747213448,41.0966444604303,33.7616618575556
242,34.2038188353012,40.3303954421149,33.6158566785926
243,34.5008739856685,40.4189443422774,33.6919817767021
244,34.1444884885617,41.478514349052,33.9415737794715
245,34.3665195041235,41.1058074946388,33.7857347571773
246,34.3403615388718,41.6836767994328,33.8782395249472
247,34.3593152688858,41.6854440089494,34.0577964560509
248,34.050012766526,42.2773704681154,34.0269607996401
249,34.387816472502,42.1858573756561,33.9218378947468
250,34.0471385782702,42.8709404638683,33.8232743079018
251,34.2378551535435,43.1795834180356,34.2096412415681
252,34.3210688378279,43.1233566709518,34.1010040794431
253,34.2196500910495,44.546818869395,33.7957825435281
254,34.2180725827238,44.1530093753811,34.14370310288
255,33.9752737508095,44.2444295069426,33.9392327687857
256,34.2130241150085,43.9153171362135,33.5688664040779
257,34.582906715343,43.455107178978,33.8970782805802
258,34.2234191437844,43.6613971399634,33.5144945606712
259,34.3033415052179,43.8506587398256,33.8058148671238
260,34.1587959365921,43.9829942157776,33.7287373625013
261,34.0323457783567,43.2053003017316,33.6036953901632
262,34.4539955691504,43.405915174014,33.8077958861252
263,33.8957685322334,44.0138624800653,33.705289183834
264,34.2697058022198,43.8115074598551,33.6410324643503
265,33.9662863366977,43.6830307474714,34.091224968531
266,34.2494724260824,44.4812561749587,33.7195481965938
267,33.9668921731701,43.6111485421964,33.7504577716674
268,34.0863494025151,43.1039568860435,33.8981694261744
269,34.2797540899326,41.8683027391402,33.7070641330791
270,34.0896548706625,41.2226721362233,33.7162165131355
271,34.2830119467543,41.636414958552,33.4302523678481
272,34.1231219272812,41.5650247417654,33.5664713696293
273,34.0941159641306,40.9452572926928,33.6199779360869
274,33.9373987082776,40.9285723376847,33.3918336303463
275,34.2168324867791,41.5770431189084,33.6790181564218
276,33.8634872467259,40.8053438218609,33.7240206280269
277,34.1740836962707,40.6700336588222,33.7938973925628
278,34.1301713117765,41.9659289776475,33.5018513657449
279,34.3047696980843,41.8407374843843,33.5100424537564
280,34.3259575988817,41.4415256907438,33.3923255309408
281,34.3169319444163,41.9715821509123,33.4762583408085
282,34.3034413226374,41.1807886500837,33.7667754426049
283,34.334228621876,40.0760106554453,33.7400516685559
284,34.3493454402395,40.1262131521051,33.7438147939607
285,34.3990219029047,38.30959491702,33.6420519599715
286,34.2401959641978,38.1102759978634,33.6796118166899
287,33.8924184647895,38.1478112212137,33.8571673246446
288,34.0681835454043,38.0672258335623,33.5182718348462
289,34.3570101238578,38.0275354833364,33.5721176462666
290,34.137608483313,37.4288877954911,33.7287077436792
291,34.3175797082348,37.3421705833966,33.6443614786895
292,34.3775512847162,37.2237911954538,33.6408068348507
293,34.1743923444028,37.6510372124537,33.4218904838232
294,34.2646898211676,37.2499460425662,33.5013183838689
295,33.9614161973416,37.5990646488514,33.6588191448006
296,34.2561154027791,37.5753105414172,33.6666335706982
297,34.3635473173228,37.7588433402147,33.6163608937801
298,34.1664817016579,37.2091843412814,33.8897784798169
299,34.3264813568449,38.1147187248109,33.860416623334
300,34.3846726056357,38.5338727892936,33.7475881035415
301,34.1483224119832,38.3497784890263,33.6471296007729
302,34.2192183657433,38.2078436667168,33.507005544613
303,34.185901747349,38.9301527128227,33.6473650767241
304,33.9960595643381,37.3581304888742,33.786033055999
305,34.3174232260824,37.1178105108545,33.3605137144372
306,34.5435689348499,36.9581373694465,33.6323518110184
307,34.3105823247977,37.9513219815693,33.8048576679515
308,34.1931341584878,37.4524133363028,33.7396654264804
309,34.5602888025795,37.6069871158371,33.7862201782549
310,34.1487683077941,37.8662528037808,33.6764651729442
311,34.1770189660222,37.1698802175876,33.6158234321051
312,34.3235725543024,38.0708668916272,33.8703455198313
313,34.3066598647367,38.8488326605125,33.6799819111517
314,34.0089502156704,38.5427753497784,33.7480886789765
315,34.4046083324954,38.7584385010664,33.8690399872986
316,34.4902133245997,38.4379898154761,33.3684206057705
317,34.2334250420844,38.2139292594987,33.5986248999799
318,34.4843967933657,38.5287849868005,33.9683522095926
319,33.960527450249,40.2114491296475,33.5316607739424
320,34.4049031626051,39.6331657713604,33.5840966237224
321,34.3786193559909,39.4139770033568,33.6869720291524
322,34.2256775854151,41.3871759396828,33.6063629515364
323,34.0828773667713,40.8267403935583,33.4430915686874
324,34.2162578360787,41.7180531258778,33.4993304759681
325,34.3109862299511,41.9909296116739,33.1535193194819
326,34.0704248130057,41.8303839585099,33.3055587285014
327,34.2149682574713,39.9220508787751,33.7741970043474
328,34.3914596639661,40.408200901294,33.553898060685
329,34.3772799645734,40.3535159910486,33.5235109298341
330,34.5055255698898,40.3543690903518,33.5122770428164
331,34.6422191003988,40.4306431669304,33.6742485781248
332,34.7038480754604,40.111438332682,33.4372787365859
333,34.6264698669085,40.7248985035515,33.8676859029641
334,34.1906218142179,40.8580883237715,33.7959463381371
335,34.5263274869665,41.4796910516494,33.4480327379808
336,34.0853561793475,41.8025833579757,33.571173288334
337,34.9437213022169,41.6749439590543,33.6560461099737
338,34.4307176077102,42.5358974447604,33.3407213846342
339,34.6558032777523,43.022821132766,33.3524938677653
340,34.4296135868485,42.2145235726248,33.3960820372467
341,34.5777377337261,42.1441473454072,33.5894614208281
342,34.3839934419552,42.4943253815054,33.502245978555
343,34.7959518679885,42.0163932812333,33.5964718659877
344,34.8218514397134,41.8330628551495,33.339311266844
345,35.0222591770139,41.6411811458009,33.6927634935897
346,34.8090837894695,41.7749708788201,33.7085306470315
347,34.5362446854151,41.759172258415,33.7289759519673
348,34.7361120897829,40.612855507533,33.7299636960455
349,34.282861465082,40.9821006542064,33.9490318299286
350,34.6976010401267,39.7598304143637,33.8670335143182
351,34.17064986797,40.2406595400992,33.7892294472815
352,34.4227961210452,41.155578655096,33.9696833896613
353,34.3045551057912,40.518984491911,33.8177589724269
354,34.6757997986141,41.6299318802917,34.5548975707576
355,34.4800128123973,42.6297950116872,34.0662611522098
356,34.5371145510454,41.1053328609676,34.1673627780984
357,34.506672720454,41.4529409560853,33.7093032152016
358,34.6997069877619,40.9017883921939,33.6700955587216
359,34.1545985376396,40.7811319304033,33.4128223907992
360,34.2067619588604,40.6626656476444,33.4319535882736
361,34.2161312122487,41.6350306412946,33.6723490230016
362,34.5771544998051,42.3148292409327,33.8756248694975
363,34.5771578122784,41.7150228318195,33.5237812244398
364,34.5298471625326,41.159613329257,33.5356685416045
365,34.2596688346362,41.0815395541004,33.6468434983222
366,34.6984487449337,41.1041528600257,33.6079204742813
367,34.3382297055403,41.293196579987,33.6911832147382
368,34.4295151715685,41.9210593877393,33.7539540465163
369,34.2551417641423,42.6778278880534,33.52342952649
370,34.1111498602042,41.9779384042631,33.7146858237585
371,34.6527234161758,43.5951483722821,33.6468267210283
372,34.3016147120363,43.2305537012728,33.6236834060996
373,34.3548088863183,43.3308868589873,33.6624214038588
374,34.3884442942488,43.1321895166916,33.9924112902522
375,34.316918280085,43.4401424045492,33.7270820491059
376,34.4994996882667,42.7596312650322,33.7261726141965
377,35.0461753260519,41.4171871037025,33.804254157285
378,34.4274680649248,42.4876260260671,33.59620683294
379,34.4448052589279,44.3913553411362,33.5837126431983
380,34.3941302466699,44.5185052672798,33.5169314748556
381,33.9001063018305,44.1279650563873,33.4541944757088
382,34.2864449633209,44.4770327294965,33.6634179673701
383,34.1129842896158,45.015557660535,33.7506822374003
384,34.1506122064645,44.0442175106963,33.4980667762598
385,34.3511443414186,43.9969831930776,33.740546467472
386,34.3569984045663,44.9404629920893,33.9288210084731
387,34.0026485784333,43.8942659477123,34.087469847038
388,34.0978787883325,44.1644072425389,34.2371167401327
389,34.4204955586929,44.411855149344,34.0484386058558
390,34.1295494873613,44.4404165227681,33.9945634787658
391,34.0361297297175,44.2230247105264,33.8396429589528
392,34.1248975077491,43.8638211186624,34.0431622773186
393,33.5589091402396,43.6363575522193,33.9290549957405
394,33.9871478201031,43.2383005939742,33.8613865461228
395,33.9608592974381,43.4297812161083,33.7853513017978
396,33.7446524313987,43.1097412432787,33.6600893397828
397,34.1504444775171,43.9128113951158,33.794503533991
398,34.0465108736214,43.584437821657,33.8893241418759
399,34.1315404565307,43.5592692986551,34.0817354723748
400,33.9642859234052,43.6607337673659,34.1285649858423
401,33.9554004207491,43.8360140709818,33.8042453963487
402,34.101719080564,44.042053437932,33.3485889906788
403,33.9784339250185,44.5648878132742,34.0027614218298
404,34.0499273235855,44.0317882869702,34.0120761088534
405,33.8152714890093,43.4241730788457,33.8798942420322
406,33.7474850604719,43.889140239173,33.8077777122482
407,33.9969202054676,43.3822482065971,33.9181063562707
408,33.7235479248153,43.2294612282845,33.8225961293135
409,33.9563300984578,44.1253919943458,33.6779222094877
410,33.6810720761233,44.0288387391817,34.1408011901631
411,34.0419921289951,44.7345369990827,33.7330766179808
412,33.6699899767697,43.8573476384289,33.5479039912188
413,33.7438544735731,44.1588641099023,33.5193608944208
414,33.8866929661276,44.201451198216,33.4396470493204
415,33.7522022924948,45.2409229133557,33.1844088137817
416,33.8432680578107,44.6790167884726,33.6694672546233
417,33.8322429522497,44.1843862944968,33.8946068280196
418,33.8525141923325,43.6823399120581,33.5610838817654
419,33.8436324119016,44.620532173575,33.5979943896845
420,33.9465153063402,44.9376699597906,33.6849759108233
421,33.9965225359578,44.5900323381898,33.6109268474857
422,33.9582118777065,43.9459266622957,33.5098727510454
423,33.9780928707052,44.5632137656296,33.4129090610072
424,34.3540182147095,44.6771546816422,33.7807702214298
425,33.870423158709,44.382068580323,33.7607726688967
426,34.0404862877806,44.4766954849492,33.7209148661381
427,34.1207066982429,44.6692163856557,33.6402307842532
428,34.3669731010285,44.2975144019862,33.5384295683643
429,34.2381540159521,43.8183773188933,33.6933269387747
430,34.0487074253793,43.8213795635156,33.4669204030073
431,34.1237182139429,44.3800669785654,33.1445383628193
432,34.2658904658733,44.6866475858016,33.3905797908236
433,34.0880936611268,44.3134868460111,33.7393573675002
434,34.5541641691135,44.9107390732984,33.564551339075
435,34.1937264279818,44.2889463331812,33.7078339515285
436,34.0422163672387,44.378623486969,33.5736160576671
437,34.1219817995655,43.84858694718,33.3916412663339
438,34.2423180380476,44.0128269418548,33.4237246270671
439,34.0188444634484,44.3419190734689,33.5184715491106
440,33.9063738663235,43.5946756445269,33.7296055514695
441,34.2959036811212,44.1663903694623,33.6696579235648
442,34.1751863759416,44.9861398570166,33.7758527257797
443,34.2898343081618,44.7586996879747,33.7511907805733
444,34.1218049506603,44.1781174522321,33.7105569472505
445,34.6173966305273,44.5935462154353,33.7002113487332
446,34.5373381626657,43.5812833302889,33.6465471119071
447,36.0306530961922,44.0454113764685,33.603259416545
448,36.1263833417027,43.7607836364852,33.7061247982669
449,36.4980635254278,43.4231762061975,33.6278150752512
450,36.7179289992824,44.1221161207667,33.489368561424
451,36.0563939191432,44.2199147690862,33.6288483034416
452,35.9907156950932,44.3327111195659,33.7208781484326
453,36.2699095010314,43.8832872930554,33.6123069938851
454,35.7547257536537,43.5572881470985,33.5776876537528
455,35.3437670493816,43.51732057352,33.7652325467219
456,35.6473566059308,44.7199475296993,33.6542489039192
457,35.5610830757312,43.5290989632329,34.0464437392799
458,35.899415974657,44.2067509350528,33.7744785108464
459,35.7169936444843,43.5037189742336,33.8262141524218
460,35.6110836254858,43.1500047263182,33.3733555254822
461,35.3169871000635,43.0999669763264,33.4810853016877
462,35.3373020267741,42.3360193670609,33.6907701428198
463,35.5767209872985,43.5910338738908,33.5501598506093
464,35.7734552915323,44.8089364243833,33.8755198927103
465,36.0698665102557,43.6847910053532,33.6032232148851
466,35.6702361463415,43.5358006398938,33.6536740620201
467,35.9373021291266,43.251963871525,33.7313719315791
468,35.916741240643,43.0684578371915,33.5731512968781
469,35.6402653856724,44.0017670364696,33.8340652467051
470,35.5400967504157,42.5256227871663,34.206996885358
471,35.9943470052335,43.8557823314496,33.6069706960703
472,35.6788058421897,43.7332578903043,34.254338233524
473,36.1974128758813,42.1609534465434,34.0899893461283
474,36.7159267841177,42.918929097067,34.1580112549322
475,36.8795434425815,42.7054468997037,34.1102757616751
476,36.5285267973001,42.4455707091577,33.7772888326343
477,35.7649390722491,42.3503789192526,33.8844259316856
478,35.6698542415404,42.7016806399753,33.8769210472127
479,35.9784484612716,42.2729772922349,33.965106545725
480,36.4003690492525,42.0389481689685,33.9733544166189
481,35.7491289726968,42.5086524350098,33.574813745559
482,36.0063448421417,42.5060755607824,33.9478792304117
483,35.9732499140614,41.769750180321,33.3907489614489
484,35.8480542863693,41.823859423321,33.8401784828695
485,35.8381594470134,42.3756476129807,33.771780751257
486,35.5801971686526,43.6046299499085,33.7428928140651
487,35.4804758085268,43.4250723245785,33.7391598431945
488,35.4818991093768,43.9270023876052,33.6890531793721
489,35.9753834132805,44.0719728812334,33.9270629461813
490,36.0757771552745,43.4909817871109,33.7320059747512
491,36.0997651885042,43.1971739180225,33.9071595321123
492,35.7770776636506,43.3863285383223,33.6857103031919
493,35.8232317681141,43.0250290613334,33.5783700530497
494,35.948419923761,42.577881576125,33.6812125475208
495,35.7115722422484,44.0695228185983,33.9439125481619
496,36.2525337489029,43.4050370230526,33.6804618873297
497,36.1030753817844,43.7074471064227,33.7767023090684
498,35.9712651387922,43.8627487358361,33.9679177811195
499,36.0052285791765,44.1254274378612,33.929156304611
500,36.351718719344,43.8897960490049,33.9252860417024
501,36.6921070161071,43.2480964552483,33.729454723875
502,36.5179614181457,43.3034577911035,34.0217399002621
503,36.9408723918054,42.981255846274,33.876284854984
504,36.2602402387885,43.516654907364,34.1432546280004
505,37.0752386028656,43.6104526285086,34.1172913331664
506,36.5028279098697,42.4146336143724,33.6240897342885
507,36.8842310914968,42.9799740021402,33.427188211181
508,36.0838383725558,42.8972438483545,33.7653606672683
509,36.1877778513925,43.2483856408945,33.6442951696395
510,36.3052413393727,43.3104988740769,33.7627245281027
511,36.8326666233598,43.2102093431916,33.813227660594
512,35.847952937105,43.5096837716159,34.1703044435927
513,35.7785911911577,44.4701320735175,34.1273744945555
514,35.6176999995426,44.2968607767052,33.9410083442467
515,35.4894570744971,44.4294304778108,33.7936648438654
516,35.7685376143115,44.2607175131591,34.0403658793855
517,35.5299921818776,44.6348463493347,34.082931046861
518,35.7002506688573,44.0758967076065,34.1218702904639
519,35.5384990872514,44.4662715719198,34.1561844117137
520,35.4152129180951,43.5664378283511,34.2862525149357
521,35.7593175700198,43.3946700936316,34.4290183846505
522,35.766752258886,43.0786618961867,34.4148334905413
523,36.5759286093751,43.66539369591,34.3252179862136
524,35.8159942987453,44.068580142818,34.0926949817034
525,35.767393940723,44.3412639197351,33.9985852084263
526,35.7485897520835,44.4115916108289,34.1305138689823
527,35.5449536793164,44.425886384566,34.1660119736835
528,35.3914324355772,44.2733443083491,33.8591956383486
529,35.6162000980291,44.6730674506299,34.2565217162692
530,36.1365690050261,44.70736949103,33.9115616479772
531,35.7825014673841,44.0185185385536,33.8108932585233
532,35.8209128545794,43.7942100949744,34.0513502877565
533,36.0917987976063,44.2714832994213,33.8404503729722
534,36.2032623026585,44.0913555917,33.8030541049656
535,35.748692758695,43.9551610500002,34.0812509032472
536,35.8776779520035,43.5018133973463,34.229255601707
537,35.7101494926663,43.9612772847953,34.3546425167567
538,35.99524260555,44.2401162162935,34.2901877369097
539,35.9457013134509,43.405770341384,34.1734664980733
540,35.8559937286664,44.1158181848211,34.2185735454888
541,35.6924049916914,44.0984825207531,34.1766985361497
542,35.3856617246816,44.3881615870656,34.1636384817546
543,36.1855881531532,43.3404559512786,34.1467108001262
544,35.9074009072945,44.40412869139,33.8248953405131
545,36.3497733979738,43.7885007940253,33.9524106277861
546,35.9301330773489,44.3476238421287,34.1512639601997
547,35.874329886154,44.3527853079951,33.7682189987669
548,35.5945586200952,44.7256990174479,34.1105079238971
549,35.6848252696391,44.4217243448814,33.7969053949382
550,35.5829537883287,44.8526652806882,33.8839189073794
551,35.4220351297343,44.0617769487961,34.3540638098853
552,35.3989519206116,44.0004039352293,34.0353924880609
553,35.017902924947,44.5819981780315,34.1284594254073
554,35.2621695942614,44.4752483148678,34.1191709287691
555,35.1648238230996,43.9814565515386,34.141812009299
556,35.3854885476276,44.3853504896971,33.8990732386875
557,35.4270426682511,43.760723370255,33.8241743313234
558,34.7387489986522,43.250183115905,34.1695648079448
559,34.8604862620717,43.1054875131581,33.8705860183164
560,35.0918096185689,43.7231934101635,33.7764315510795
561,35.6549246832598,43.9800853898157,34.1998796287952
562,35.8311297830404,44.3581268909849,34.2480047827284
563,35.9637953396025,44.12511576199,34.0138462206927
564,35.667252067869,44.5367959203549,33.9577906511761
565,35.5708649177051,44.1670054323341,34.0206153039282
566,34.7775230831456,43.9795271651498,34.3249876994039
567,35.3683672958161,44.0623028337386,34.2953414882781
568,35.0917231451514,44.3544515497248,34.2081693063937
569,35.0293104201857,43.8766109427172,34.1704486143308
570,35.1106039182266,44.2593951255405,34.1128068922067
571,35.278423301052,44.410501686336,34.0804787528829
572,35.6051847471363,43.8465585807309,34.0414844087088
573,35.9242385622575,43.6689332664575,34.4305179351507
574,35.836003258139,43.6630133582027,34.0400415306116
575,35.9471572565602,43.6580599012744,34.217933528938
576,35.4668028994461,44.1938498244086,34.3579117980322
577,36.2112414828279,43.9521729981448,34.3939239795407
578,36.0012375904072,43.8471249382657,34.1628792590527
579,35.7491274565092,44.0323714178237,33.7562731711287
580,35.7003639542198,44.1252881854695,33.8948997084786
581,35.8823331679956,43.8844494483273,33.9259747660088
582,36.0112528818673,44.1357238810525,33.6811736438503
583,35.7877723234628,43.7680067624948,33.7018838388174
584,36.0463506782132,44.3373250124109,34.192057577716
585,36.3055897417798,43.3419805251709,33.8341353266687
586,36.5867763749668,44.3413933401324,34.0017124037587
587,37.043496423051,44.1733319002074,33.9847818033839
588,37.3124269809185,43.6788422616629,33.7915602150817
589,36.7700913141641,43.8543101414016,33.9219786688217
590,37.0420437538833,44.3558877902281,33.5205644157168
591,37.1109086609453,43.5354513494233,33.8864443074592
592,36.0861631514792,43.1854326723138,34.0396856282349
593,36.7684501625419,43.6817760431934,34.2163169538137
594,36.6410178219328,44.071296746096,33.8096151692972
595,37.3672318718217,43.9221818801373,33.86717940119
596,36.6134272766492,44.3499636748152,33.8701061436958
597,35.8538745958592,44.2710372897261,34.0173069221083
598,35.9233673634135,44.3422628127693,33.7992351704496
599,36.3022764089204,44.7198116012706,33.9618936271658
600,36.572656961055,44.3022307039882,33.9782105026479
601,36.7000997918549,44.0313541446914,33.9807905718902
602,36.5447513431178,43.9622340470528,34.1390601334712
603,36.2139235181708,43.4883223536571,33.7868872471985
604,35.4886110238079,43.7579490178212,33.8239629238707
605,35.3078665673203,44.1938109564544,33.7874586449644
606,35.3134660615402,43.7339556820195,33.8806559926639
607,35.7608204203693,44.2808664495561,33.7588332440551
608,35.8267883134487,43.6363653685459,33.8973797281788
609,35.796780113955,43.7836650740847,34.0220496542323
610,36.2671762809953,43.442364014384,33.778167988032
611,36.6531286626593,43.7698378390867,33.9518463673125
612,35.7257015668903,43.7325552087762,34.020005574257
613,36.0956635275058,43.6376839870309,33.9620190270361
614,36.5451356325835,43.9559183811263,34.2930885614586
615,36.4076043502073,44.3432807777292,33.8656518029511
616,36.158489348126,43.8286083899587,33.8511014411808
617,36.2264731235126,44.6460539388695,33.9712431347166
618,36.0127924661864,44.6675866069528,33.8195465509537
619,36.570651348253,44.4221926033587,33.9845592935564
620,36.7283085471423,44.5081170301379,33.6349857451678
621,36.1985612087823,44.2486556180126,33.6730476788811
622,36.1863857875634,43.2793805946173,33.9669807684214
623,36.4270637730799,44.3373539200508,34.026248668033
624,36.0213667148394,43.7079157724452,33.8718400242572
625,36.0505083651171,44.4147979301823,33.8730530361682
626,35.6043630321231,44.0386261222285,34.0701746989518
627,35.9244502160555,44.501715031478,33.8591641922643
628,36.0973615960019,45.0994771955124,33.6812280174142
629,35.934186740337,44.4496122581477,33.8635257092968
630,35.2829630744556,44.2314261024274,33.8516387983922
631,35.4373867513073,43.9473551369584,33.9984770865707
632,35.3583344165929,44.4392012823613,34.0481516099287
633,35.6508528940268,43.9195623389719,34.2041428656104
634,35.5124075468413,43.5838144845664,34.2316333954711
635,35.294557465239,43.7438405096911,34.1547634719996
636,35.4996265346715,43.9427716227085,33.8581171188344
637,35.1793221468953,43.7763152259484,33.8059969573539
638,35.4432083736366,44.1115424473845,33.8831409242177
639,35.8762283456231,44.4681723842229,33.7003164090769
640,35.6856844753263,43.7577563436669,33.836047688914
641,35.9663295244584,43.6943855867939,34.2472815875152
642,35.5779656824205,43.7157771793043,34.1216102602244
643,35.5466444341328,43.2405897107323,34.2125884406227
644,35.2168400289987,43.1618800701226,33.8358565817214
645,35.1247900241794,43.5883898270774,33.7219049578047
646,35.3342826055323,42.6039063699105,33.8579366275407
647,35.5176443815797,43.2311842600393,34.1071709861483
648,35.3600527557887,44.1730223034801,33.666215967848
649,35.4796775294235,44.1531956650924,33.6955129456631
650,35.331496232932,44.040843772703,33.3802685296492
651,35.4171917208877,44.6465078788027,33.6984722413151
652,35.4469736500843,44.5497142681356,33.8403830252149
653,35.5638059126079,45.3284560018934,33.5222035628492
654,35.4733115460115,45.9530931150604,33.6473530508791
655,35.3258394615044,44.7120360663453,33.8329199875027
656,35.5280435188169,44.0489746017157,33.509331970894
657,35.2058352370546,44.2480418373971,33.4385827421983
658,35.2275715952542,44.7336213982596,33.6663613961167
659,35.0740648662487,43.9695273155221,33.4527578822062
660,35.5994241755327,43.9055982036042,33.8210675961092
661,34.7649543018158,44.2847425216038,33.6921031334539
662,34.3870894246794,43.9934680947305,33.6794497057588
663,34.4777209833496,44.4425551937966,33.6117264706146
664,34.5529504524262,43.2962804962295,33.7873941124563
665,35.2615136313557,43.6480451924893,33.5721684293781
666,34.7262845592194,44.7309351881795,33.5190067340033
667,34.8060635504942,44.8837327100526,33.4633381618743
668,34.9545780167674,45.3296652360543,33.5296903022775
669,35.0323444867577,44.8444228280537,33.8509503117214
670,35.3245059882625,44.9320879262866,33.5140708382897
671,35.281220606103,45.4630487006498,33.6326237939069
672,35.4652869414903,44.6540459890702,33.7882644609024
673,35.0521219861411,43.8871496498214,33.7878896083531
674,34.7062996230872,44.8224817712966,33.6265133272211
675,34.7854970061929,44.5849082384915,33.9788152863688
676,34.560202053259,44.7098178212773,34.174925847993
677,34.5549767773078,44.5042320536709,33.9811589612858
678,34.6392719419527,45.0331108020762,33.9318457721614
679,34.2885851942144,45.1796240639652,33.694693327111
680,34.7658089360648,44.7637821234512,33.2378729227795
681,34.4171421868402,44.380044446809,33.4826772001788
682,34.1782151614006,43.5947359198977,33.7282209256193
683,34.4405325377522,42.8935764759196,33.5411176520403
684,34.3896886692353,43.2211404949058,33.5399618275116
685,34.3060080278562,43.6837783003423,33.7000279617473
686,34.2685131684126,43.4049564286176,33.4951799409661
687,34.5135842515081,43.1596328371124,33.733521310467
688,34.4018565531881,43.8779112129686,33.7244730452122
689,34.2916267486178,43.9541497887042,33.2517276609912
690,33.9189737454838,43.2984602447918,33.4958661649366
691,33.7503981550428,43.898335572529,33.6944737843881
692,33.8285447192269,43.6646672429223,33.9555819093819
693,33.8618769686518,44.275236603652,33.5715686291458
694,33.8854265213036,44.4995793507324,33.6922813794014
695,34.1552217128422,43.7751768847211,33.6144476536012
696,34.067946142866,43.4250908939443,33.8723566681411
697,34.085342206828,42.866957527915,33.7429691413164
698,34.4051173243518,42.1932078252372,33.8896111593814
699,34.3211240802336,42.5077658910086,33.8528229738736
700,34.3351391546302,41.4678353514115,33.7735638638774
701,34.5352810360366,41.5633082965682,33.9983378832362
702,34.6884093719712,42.6812598117833,33.5535665446745
703,34.4209850446784,43.1066693686319,33.4562235793252
704,34.5845085865502,43.1440950329754,33.6458314072404
705,34.6365283681955,43.352409848054,33.96937313522
706,34.5669355674378,43.7047166632325,34.0023478601709
707,34.3731278507569,44.2549780043151,33.6603005963106
708,34.8665409030864,46.0604516775671,33.8031169968311
709,34.6026518506726,45.7974793007956,33.2795059270149
710,34.7445998664044,45.447745537877,33.8048846506869
711,34.8419162180842,43.5863239611933,33.5249342384971
712,34.4858192522154,44.3115462880314,33.5158041739332
713,34.154513523527,44.4581880117706,33.5613882420692
714,34.7712845315279,44.0168764196509,34.0004024623886
715,34.851010756765,43.7219778526673,33.7474059092794
716,34.8456032129061,44.1808047075354,33.7958576741345
717,35.2610989616571,43.938137763759,33.7697770191858
718,35.3163684811706,43.4039807694751,33.880494695876
719,35.4631921748122,44.3471799436319,33.5922000453078
720,35.4154672468642,42.618456028616,33.8913010811576
721,35.1250330639956,43.9910859729079,33.6476760124277
722,35.4499166427659,43.752009078729,33.6611445878674
723,35.4997103430866,43.1492282638769,33.6401291706154
724,35.7993662862435,42.3021753427479,33.765469635245
725,35.3208920198309,42.3161122392244,33.533685874294
726,35.2481721884785,43.0685306587869,33.5633786066194
727,34.9580658493442,43.8436026209461,33.9914666120523
728,35.8053924504819,43.6451944943944,33.7646469858808
729,35.7459019767174,43.4618701982715,33.4431435352697
730,35.8725057596551,42.7279068645082,33.6736616205683
731,35.9666842072018,42.9891912493545,33.8373462695865
732,35.9220837206126,43.258149576354,33.2961860318263
733,35.5671425412222,42.9720784088447,33.3348713515065
734,35.9073910358091,43.2206402085894,33.4140060452839
735,36.0181892457977,43.3996426659857,33.1632673151578
736,35.7190306957789,43.1839622987025,33.0890548289054
737,35.625595557611,42.092536797662,33.686380139403
738,35.7368943034553,42.7016211873429,33.3795423102876
739,35.9134780080072,42.331510348632,33.7237027383679
740,35.8774606054699,43.0505822910335,33.858603925934
741,35.9420290104673,43.3716854299675,33.6216490862594
742,36.1144590123292,43.9462574976908,33.6561138508427
743,35.8791032787553,43.9781087234394,33.447579985757
744,35.7824690199646,42.750461908412,33.3957886966703
745,35.7956291131433,43.7370614612338,33.4919973589248
746,35.5138203245451,43.4906604479473,33.8842651729532
747,36.0257481664647,44.4404445357058,33.9174902803176
748,35.5738916291028,44.9304966937151,33.797463343044
749,35.9224558182392,44.5235130775792,33.732833912785
750,35.8764804656504,44.6176619811813,33.5403741917887
751,36.1691439729027,44.7966944762732,33.1394528055837
752,35.7038141952827,43.7951726590971,33.7035541842541
753,35.947261862804,43.157913417635,33.3694113526668
754,35.7213114859286,43.1566333478327,33.5762657882349
755,35.4139786293388,43.1598802527703,33.5388593008868
756,35.2924810627439,42.9685255247984,33.4344420099294
757,35.0688597606169,43.3168311331559,33.5777511269907
758,35.0263264991529,43.8086167598986,33.6555304841512
759,35.0521596481104,43.6219268899497,33.3202212393201
760,35.3271431077899,44.3205571820998,33.8641391604928
761,35.1802152560963,45.0195054388905,33.570980000303
762,34.6906305856544,45.1601776544428,33.307214908344
763,34.8716525278058,45.8108071432778,33.767710622784
764,35.1054808836207,45.7276819923757,33.444747137796
765,35.1073652219958,45.4386064093114,33.5847659723084
766,35.0578157067376,45.1485350260884,33.4892958818697
767,35.3162829008513,44.5246884970704,33.3794261158258
768,35.8832083932513,44.2427547384062,33.8040977473708
769,35.6981537732362,44.3438269632231,33.5428492529182
770,35.3217458734596,43.7727224684996,33.5682810323868
771,35.2197444474341,44.3692881648752,33.7133495771238
772,36.176520099906,43.030405882458,33.8407581254773
773,36.0403687984826,43.9651295508799,33.6264272713251
774,36.1634247550507,44.131470194227,33.5094094607649
775,36.0258797901992,44.3234819147326,33.8774629754939
776,35.8525154111856,45.4740957338316,33.7297097542839
777,35.934744156647,45.5600476181718,33.6242126845919
778,35.7495243620772,45.4713386141931,33.5918289505173
779,36.1488470491002,45.8314434128823,33.7778535698097
780,35.545010950619,45.0775836195552,33.974430735916
781,36.4218543145655,45.4570207873074,33.9911799476204
782,35.6803871210113,46.0664913510718,33.844245487725
783,35.8170107558715,45.4020834387115,33.9455367665726
784,36.0809048342331,45.1647772144833,33.9839168377193
785,35.8656217511687,45.2079068910524,33.8636390415362
786,36.2406630562071,44.8819371693009,34.0604706689428
787,35.959726697998,44.1210103082081,33.7503948898677
788,35.9493106402688,43.7410909881002,33.547744773184
789,35.9261332070318,43.7305415666608,34.1007685871622
790,35.6857031331929,44.1667159471924,33.9940169895725
791,36.1430120473874,44.6766020680648,33.9390112909292
792,35.8688812009241,44.0827012292093,34.0044947988016
793,35.6625148494928,44.0096723402768,33.7575194668107
794,35.9080233333999,44.2236932840123,33.5327127992827
795,35.7930478328135,44.9686643567957,34.0402936377719
796,35.5622681905866,44.1359911553047,33.7322790639736
797,35.7989734395605,44.5161151400714,33.7342357216317
798,35.6649268250528,45.0748911220961,34.2572772015709
799,35.743616277145,44.9794766706314,34.1884380133693
800,35.7446791609746,44.8488639006005,33.4121290593641
801,35.927539000249,44.391605240372,33.5850642137699
802,36.0184155234039,43.1074192249217,33.8132317281077
803,35.9315831593863,44.0301955003596,33.8236823876601
804,36.3032164336688,43.4305775799816,33.9783981721785
805,35.7942549195847,43.4243447136706,33.864345940753
806,35.9882450242434,43.1542149214898,34.0042737958898
807,36.0928287831082,42.7390237243953,33.7184700231016
808,36.1426404165141,43.4870426720462,33.9975367090627
809,35.5699253819359,43.9376542210218,34.154909038866
810,35.4985220368087,43.9844860691822,34.3868982234902
811,35.856858646278,43.2452971062642,34.1844504572766
812,35.7779966154584,43.0762526272251,33.7117062979592
813,36.0931821753027,42.6879772041342,33.8127325484246
814,35.9457607567195,43.1434743783807,34.1256949627005
815,36.1353834254374,43.9992021872819,34.1891979411701
816,35.870153601237,44.7729819191175,34.1995152159766
817,36.0110174334696,44.8541051782344,34.3778129143559
818,35.3465259887158,45.0512124231062,34.2100431160104
819,36.1114906887566,45.0262878230284,34.3558211849282
820,36.1321032682567,44.9276018909941,34.4829017714783
821,35.7318550436074,44.9698896531634,34.5290001599633
822,35.8586837838556,44.9176755739955,34.4419239891698
823,36.0636668916604,45.1060459382947,34.5970094418122
824,36.3562770632519,44.5685151824421,34.380784864688
825,36.1140249491054,44.7943326586407,34.3158134469047
826,36.3611731285183,44.9758354946087,34.2183902517135
827,35.7026745371668,45.0775797230645,34.2160953621799
828,36.0182285534192,44.9552741817181,34.1869352532382
829,35.9349199738601,44.5786323012482,34.2942036071814
830,36.2176999886586,44.8615961778661,34.3253869991664
831,35.1336330050564,44.7051350747378,34.3725228742183
832,35.5246340897585,44.7674865278276,34.6123363701704
833,35.4381057026829,45.2459212447914,34.2750761423828
834,35.4885630716136,44.491844832637,34.6197080136835
835,35.7186354279477,45.3286009091266,34.6064556977461
836,35.8386748045584,45.8374632224718,34.1967038937639
837,35.7651668001869,45.4945972915147,34.5287277235186
838,35.8651021977088,45.3326782280698,34.1844433253634
839,35.7488269956597,44.7450880037753,34.0702873698448
840,35.8243898582903,44.111436945805,34.706445490361
841,35.6332831594224,44.3811140174582,34.786388358302
842,35.4534927707922,43.4245380222603,34.5527264414718
843,35.1873336048258,43.9784259545118,34.5382691497084
844,35.9817910932345,44.6049873250124,34.8068522885084
845,35.8630782835926,44.5268421204554,34.8104772180915
846,36.7425755870921,44.4720698645203,34.6943027603294
847,36.0780954678179,44.2933964284532,34.4804934085231
848,36.4109477296966,44.9402558143498,34.2625054779748
849,35.5077898262531,45.0007113256452,34.046011624094
850,36.218424821275,44.8645173715366,34.274152832484
851,35.5933228242236,44.8368814308683,34.4772565384332
852,35.5807489955491,45.0507055543757,34.6528099078842
853,35.2382254742413,45.3177486699531,34.4932180753726
854,35.3147668109612,46.1354652992298,34.2768762266496
855,34.7877271525484,46.2014774766771,34.2517820712123
856,35.175090202346,45.6330379678754,34.4241930662255
857,34.8244241082088,44.8424700086243,33.9472594493719
858,34.8110631446586,44.4827101811808,34.4375513826141
859,34.8758958591727,44.780527146165,34.5674933595051
860,35.043877988723,44.7907056599304,34.5505585465816
861,34.6558809120552,44.334442378058,34.3119016867545
862,34.950107236496,43.9855860699676,34.2954807280073
863,34.8532618854277,44.136716502067,34.129275519169
864,35.3796372718339,44.2889558320582,34.2781969176455
865,35.2983956875667,44.2964115359207,34.3409005027076
866,35.2804241577896,43.8002301738011,34.3906667764068
867,35.0413860159631,43.8567360921213,34.005176715818
868,35.0187874524305,44.2793956717333,34.2532437272207
869,34.639282265041,43.8435782731875,34.2237222097373
870,34.7088370827955,44.1208619926354,34.745905967274
871,35.0314985123044,44.6480919655896,34.725867693435
872,34.8705804337533,44.2687786076027,34.6704956482409
873,34.2673035005247,43.4053900277897,34.5462491313777
874,34.2663638470871,42.9529287659189,34.5007296077062
875,35.0138139796168,43.1514869992132,34.3681841550884
876,35.4273245768603,43.6902148607608,34.288282023624
877,35.5418569240948,45.1778960748552,34.3039650719521
878,35.6425365636731,45.6239253507084,34.5379496435466
879,35.345209767523,45.2097223978498,34.5041003126981
880,35.4231140697663,46.7378500622315,34.1352177841713
881,35.7580316243733,46.236374731911,34.5204050717878
882,35.6471714008244,45.5357446006723,34.6361186972703
883,35.3980813280475,45.2891365952743,34.5175835429641
884,34.9371151351147,45.3727746132215,34.4806998766205
885,35.1924230073378,45.5908816824305,34.6106681376783
886,35.6683195593613,44.9288201430127,34.8115551136238
887,35.8934187168049,44.5353469840332,34.807860356755
888,36.2144284718697,44.8384952843079,34.4269131537133
889,35.7540825940234,45.0904375064317,34.6104539322758
890,35.7210460144544,45.3666392092476,34.1496281277117
891,35.488209802677,46.3339529329541,34.5551881498478
892,36.3266339777238,45.5143969529462,34.4688345585583
893,36.736760745299,45.3187160210737,34.4621605151951
894,37.0783601780552,44.8111980721273,34.6875907755775
895,36.5909510316117,44.8691536707706,34.8286459709644
896,37.4896519313482,45.3884546123594,34.3371712751592
897,36.8451173591499,45.8923354880479,34.0856390312816
898,36.7854132055527,45.6826730264791,34.1768598499987
899,36.7054159562732,46.58315514229,34.268401679649
900,36.5690641072529,45.9816672033277,34.3666622105926
901,36.4380161278825,46.4404918230086,34.4018735278537
902,35.8421357639713,46.1911789671488,34.2211611864792
903,36.765359497797,46.1437466800938,34.0956605434773
904,36.2893823146538,46.450281372295,34.2720245431679
905,36.4249955296957,45.9348372987241,34.1573089337962
906,37.3055145263796,45.6674417494532,34.2256721781621
907,36.845854426111,46.073763939197,34.0506632595269
908,36.995885396363,45.6711211560142,33.9205294831965
909,36.9490388688295,45.8647033464051,33.9380206494756
910,37.2426493087341,45.7838140882381,34.4874654924419
911,36.8727040550692,45.4331722775005,34.4130667612654
912,37.0196650356857,45.4111585416663,34.3265379689665
913,36.6918334524123,44.4986797370044,34.4398686210144
914,36.6482025781919,44.8460048712357,34.3289965723748
915,36.4160144428124,45.2586491824214,34.4391378157835
916,36.5266468468409,45.3963453752427,34.53990676123
917,35.4142827663787,45.5569825603498,34.4118430104678
918,35.1957338620337,45.4859017810628,34.1871653985527
919,34.8206311323899,44.5427001922035,34.2973903034937
920,34.9897053822253,44.5309689842311,34.1621889693313
921,35.2387404540957,44.3078582548767,34.4520631681191
922,35.2111883157401,44.2693451116089,34.2721517869288
923,35.6149128300909,44.6207706136548,34.4613418250424
924,34.9401327997321,44.1808683461492,34.4530103334508
925,34.8311294066017,43.7527341325428,34.5067435186265
926,34.5028019455898,43.7559798421801,34.2199232927958
927,34.8007594369438,43.133374215547,34.4627066840632
928,35.1673791415111,43.2868154182045,34.2525211243766
929,35.4794532276539,43.9276814951261,34.2747439998916
930,35.0367534140341,44.4610814705596,34.5989408998419
931,35.6266678957203,45.3131031310504,34.0576297264462
932,35.1789465538545,45.7087198902895,34.447303530762
933,35.7815181990956,45.3893456375507,34.3867015123506
934,35.2904377804575,45.7219502479234,34.6090502362084
935,35.4992836019737,45.9336991689319,34.757386101046
936,35.2007770756045,45.5568699708456,34.7108122915212
937,35.8850735499888,45.1688126845464,34.4052265440691
938,35.8493754154065,44.933870844026,34.4717952487447
939,35.6228399093621,45.1769745169028,34.3954902342021
940,35.1740512996297,45.0530229884087,34.8695468706078
941,35.4751731384145,44.9029012046697,35.1419187598585
942,35.7207686353018,45.2632259095614,34.1326969222988
943,36.6086662489735,45.3502789913061,34.5622421239389
944,36.886256177961,45.2754299611561,34.246205240949
945,36.147319979355,44.6893155085794,34.5325514214498
946,36.8227258149605,44.9541215204765,34.2600916378637
947,36.9363293646321,45.2590226896714,34.2746747039437
948,36.6460506103301,45.3249951572424,34.2613863117789
949,36.8494840019912,44.7720229770213,34.2364233732343
950,36.7716728956146,44.0242546925164,34.4903685498896
951,36.8851381880587,43.866005524618,34.4917962218477
952,36.5002341115745,43.8590298861479,34.121738199884
953,35.9263342640737,44.6761553559958,34.3911496379679
954,36.1037801357223,43.6747274017929,34.2994914176017
955,35.6300876544611,43.4444246994898,34.228573312834
956,35.5074466604186,42.9141008769357,33.8392132717991
957,36.2662881773098,43.7511598309897,34.1185498053447
958,35.9317385185517,43.62708214551,34.2102428631324
959,36.0671787159185,43.9835676627943,34.1803788788956
960,35.9472138918597,44.0031819412876,34.1547556589032
961,35.955299598626,44.1100838587547,34.0708253449713
962,36.3078694954143,43.5488214953993,34.3024411595039
963,35.3578405396297,44.8715899923052,34.0814812141656
964,35.9614057102816,44.2015295173111,34.2787474840198
965,35.8696979362661,43.9561017691801,34.6669980395626
966,36.3121275613289,44.7609505193577,34.5444216511116
967,36.832942136131,43.200569679316,34.5816921887728
968,36.0236849317435,42.7016912111088,34.504667264321
969,35.5966354844339,43.3685785341409,34.3451740770995
970,35.7950806255815,43.1095377308528,34.2263691997725
971,35.9417856168425,43.8456706846443,34.176209188979
972,35.7807869028795,43.2786633302719,34.1931899566518
973,35.478908374591,42.957611757442,34.1233942002136
974,35.4132841884529,43.344226444451,34.0821995592229
975,35.7127421711974,43.1824666762537,34.2338613270662
976,35.9083128517173,42.9254965297367,34.0868519440908
977,36.0481436973514,43.1449304717462,34.0472176381993
978,35.9268371916437,44.0188897799182,34.3978915460924
979,35.6902930083513,44.2506928661055,34.3568530144922
980,36.0273451293148,43.8448481043098,34.2856430083114
981,35.7872845805081,43.6290149158614,34.373601133279
982,36.330839828381,44.0468139284466,34.2854205817662
983,35.9883364202208,44.5554327279053,34.5599996923193
984,36.0775988918725,44.6559293571113,34.7141251704831
985,36.0118892976933,44.3161436497117,34.5729176796781
986,35.2922901939284,44.8305170864406,34.4869233894735
987,35.477415609197,44.2238579613443,34.2795184198696
988,35.313032749182,44.0910970376464,34.8412030079024
989,35.2880951172555,44.7201183392274,34.8670553959537
990,35.8008202695627,45.0161829245264,34.4781644897562
991,35.0345333410069,45.1811645313717,34.5024126252075
992,35.0485513189667,45.3947592128726,34.4130072936352
993,35.147299525609,44.9243391480005,34.1651366113308
994,35.1140335139945,45.3624565917131,33.9336531084089
995,35.2250730959887,45.6611293408641,33.9345211062864
996,35.2418375318596,45.5104403899092,34.3142943075556
997,35.332841107014,45.2221487387269,34.5269361850821
998,35.110421856528,44.1331858758261,34.6631824236893
999,34.5524800568727,45.3599612930974,34.5919797160743
1000,34.4771984646118,45.0034860943435,34.6648171997592
1001,34.4006774432148,45.2588765952874,34.6273020842947
